36;25;40;
32;46;22;
35;37;28;
31;49;21;
28;55;18;
25;13;62;
0;0;100;
0;0;100;
29;52;19;
23;62;16;
18;9;73;
17;74;9;
19;72;9;
34;40;26;
